5 0.041588255763053895 0.4825013902452257 0.08237436413764954 0.3182918972439236
0 0.8116021156311035 0.37668753729926213 0.02592754364013672 0.08744015163845487
0 0.7626038551330566 0.4008160061306424 0.03544940948486328 0.11155192057291667
0 0.7926653861999512 0.41297954983181423 0.0581207275390625 0.1193876478407118
3 0.7880086898803711 0.5721436394585504 0.21901473999023438 0.25342271592881943
0 0.8658989906311035 0.43629659016927086 0.055965423583984375 0.18041466606987847
0 0.701536750793457 0.43809687296549477 0.02780303955078125 0.06852603488498264
2 0.5212156772613525 0.5025102403428819 0.04700260162353516 0.05979648166232639
2 0.5012989044189453 0.8359971788194445 0.9968833923339844 0.3002509223090278
1 0.4879283905029297 0.5532906426323785 0.03374919891357422 0.06845601399739583
1 0.6317513942718506 0.5605304294162327 0.05381908416748047 0.13240186903211806
