2 0.3309152841567993 0.5391682942708333 0.12729945182800292 0.13781026204427083
2 0.418791389465332 0.522591315375434 0.06676902770996093 0.10936991373697917
2 0.5184346675872803 0.5200750562879775 0.038831901550292966 0.06338297526041667
0 0.6430922985076905 0.5238318549262153 0.03280515670776367 0.1706756591796875
0 0.5840172290802002 0.5298784044053819 0.03083934783935547 0.16655510796440973
0 0.6681756973266602 0.5184451633029514 0.03568391799926758 0.164642333984375
0 0.4865778923034668 0.5302686903211805 0.06340045928955078 0.19000684950086805
2 0.5007808208465576 0.854764895968967 0.9962237358093262 0.2604426066080729
0 0.543767786026001 0.5319593641493056 0.034635162353515624 0.15719129774305557
2 0.2074015200138092 0.5465088738335504 0.05894182920455933 0.07372860378689236
