5 0.1045450210571289 0.49538438585069444 0.20781893730163575 0.25593499077690973
2 0.515098762512207 0.5195156521267361 0.044010257720947264 0.059666273328993054
0 0.6913491725921631 0.4912107679578993 0.029781913757324217 0.15709228515625
0 0.7168296813964844 0.4664830525716146 0.02145538330078125 0.12843831380208334
0 0.5586949825286865 0.5240280151367187 0.02259693145751953 0.09880303276909722
3 0.6327836513519287 0.5525318569607205 0.10567216873168946 0.12776421440972222
0 0.1507807970046997 0.5281614515516493 0.026446104049682617 0.11723056369357639
13 0.03783706426620483 0.637506103515625 0.0749624490737915 0.1072726779513889
1 0.5701099872589112 0.5620223999023437 0.028239059448242187 0.06058773464626736
0 0.4599484920501709 0.5079768710666233 0.021140289306640626 0.05925547281901042
1 0.459887170791626 0.5507354736328125 0.048347759246826175 0.049683634440104166
1 0.5799518585205078 0.5460766262478298 0.048068809509277347 0.09295264350043403
