0 0.7994649887084961 0.5453477647569445 0.07809085845947265 0.40709025065104165
0 0.7065268516540527 0.5650833977593316 0.062033557891845705 0.3634034898546007
0 0.6325088500976562 0.5560290866427952 0.045096969604492186 0.25424397786458336
2 0.4183660387992859 0.5721633911132813 0.12770941257476806 0.14869723849826388
2 0.20145747661590577 0.5789688110351563 0.09687085151672363 0.06953396267361112
24 0.6873133182525635 0.500604248046875 0.04659624099731445 0.1271575927734375
2 0.536231517791748 0.553027852376302 0.041516685485839845 0.05871548122829861
3 0.1980934262275696 0.6275665283203125 0.042664837837219236 0.09253285725911459
0 0.8575408935546875 0.5425162421332466 0.06505775451660156 0.3120018853081597
24 0.7971438884735107 0.47661031087239586 0.055109500885009766 0.12814975314670138
3 0.08570464253425598 0.6243216620551215 0.08360055685043336 0.11435445149739583
2 0.49045190811157224 0.8731268988715277 0.9771482467651367 0.22395968967013888
